[[SymmOp(affine_matrix=array([[1., 0., 0., 0.],
       [0., 1., 0., 0.],
       [0., 0., 1., 0.],
       [0., 0., 0., 1.]])), SymmOp(affine_matrix=array([[-1.,  0.,  0.,  0.],
       [ 0., -1.,  0.,  0.],
       [ 0.,  0., -1.,  0.],
       [ 0.,  0.,  0.,  1.]])), SymmOp(affine_matrix=array([[ 0., -1.,  0.,  0.],
       [ 1.,  0.,  0.,  0.],
       [ 0.,  0.,  1.,  0.],
       [ 0.,  0.,  0.,  1.]])), SymmOp(affine_matrix=array([[ 0.,  1.,  0.,  0.],
       [-1.,  0.,  0.,  0.],
       [ 0.,  0., -1.,  0.],
       [ 0.,  0.,  0.,  1.]])), SymmOp(affine_matrix=array([[-1.,  0.,  0.,  0.],
       [ 0., -1.,  0.,  0.],
       [ 0.,  0.,  1.,  0.],
       [ 0.,  0.,  0.,  1.]])), SymmOp(affine_matrix=array([[ 1.,  0.,  0.,  0.],
       [ 0.,  1.,  0.,  0.],
       [ 0.,  0., -1.,  0.],
       [ 0.,  0.,  0.,  1.]])), SymmOp(affine_matrix=array([[ 0.,  1.,  0.,  0.],
       [-1.,  0.,  0.,  0.],
       [ 0.,  0.,  1.,  0.],
       [ 0.,  0.,  0.,  1.]])), SymmOp(affine_matrix=array([[ 0., -1.,  0.,  0.],
       [ 1.,  0.,  0.,  0.],
       [ 0.,  0., -1.,  0.],
       [ 0.,  0.,  0.,  1.]])), SymmOp(affine_matrix=array([[ 1.,  0.,  0.,  0.],
       [ 0., -1.,  0.,  0.],
       [ 0.,  0., -1.,  0.],
       [ 0.,  0.,  0.,  1.]])), SymmOp(affine_matrix=array([[-1.,  0.,  0.,  0.],
       [ 0.,  1.,  0.,  0.],
       [ 0.,  0.,  1.,  0.],
       [ 0.,  0.,  0.,  1.]])), SymmOp(affine_matrix=array([[ 0., -1.,  0.,  0.],
       [-1.,  0.,  0.,  0.],
       [ 0.,  0., -1.,  0.],
       [ 0.,  0.,  0.,  1.]])), SymmOp(affine_matrix=array([[0., 1., 0., 0.],
       [1., 0., 0., 0.],
       [0., 0., 1., 0.],
       [0., 0., 0., 1.]])), SymmOp(affine_matrix=array([[-1.,  0.,  0.,  0.],
       [ 0.,  1.,  0.,  0.],
       [ 0.,  0., -1.,  0.],
       [ 0.,  0.,  0.,  1.]])), SymmOp(affine_matrix=array([[ 1.,  0.,  0.,  0.],
       [ 0., -1.,  0.,  0.],
       [ 0.,  0.,  1.,  0.],
       [ 0.,  0.,  0.,  1.]])), SymmOp(affine_matrix=array([[ 0.,  1.,  0.,  0.],
       [ 1.,  0.,  0.,  0.],
       [ 0.,  0., -1.,  0.],
       [ 0.,  0.,  0.,  1.]])), SymmOp(affine_matrix=array([[ 0., -1.,  0.,  0.],
       [-1.,  0.,  0.,  0.],
       [ 0.,  0.,  1.,  0.],
       [ 0.,  0.,  0.,  1.]])), SymmOp(affine_matrix=array([[0., 0., 1., 0.],
       [1., 0., 0., 0.],
       [0., 1., 0., 0.],
       [0., 0., 0., 1.]])), SymmOp(affine_matrix=array([[ 0.,  0., -1.,  0.],
       [-1.,  0.,  0.,  0.],
       [ 0., -1.,  0.,  0.],
       [ 0.,  0.,  0.,  1.]])), SymmOp(affine_matrix=array([[ 0.,  0.,  1.,  0.],
       [ 0., -1.,  0.,  0.],
       [ 1.,  0.,  0.,  0.],
       [ 0.,  0.,  0.,  1.]])), SymmOp(affine_matrix=array([[ 0.,  0., -1.,  0.],
       [ 0.,  1.,  0.,  0.],
       [-1.,  0.,  0.,  0.],
       [ 0.,  0.,  0.,  1.]])), SymmOp(affine_matrix=array([[ 0.,  0.,  1.,  0.],
       [-1.,  0.,  0.,  0.],
       [ 0., -1.,  0.,  0.],
       [ 0.,  0.,  0.,  1.]])), SymmOp(affine_matrix=array([[ 0.,  0., -1.,  0.],
       [ 1.,  0.,  0.,  0.],
       [ 0.,  1.,  0.,  0.],
       [ 0.,  0.,  0.,  1.]])), SymmOp(affine_matrix=array([[ 0.,  0.,  1.,  0.],
       [ 0.,  1.,  0.,  0.],
       [-1.,  0.,  0.,  0.],
       [ 0.,  0.,  0.,  1.]])), SymmOp(affine_matrix=array([[ 0.,  0., -1.,  0.],
       [ 0., -1.,  0.,  0.],
       [ 1.,  0.,  0.,  0.],
       [ 0.,  0.,  0.,  1.]])), SymmOp(affine_matrix=array([[ 0.,  0., -1.,  0.],
       [ 1.,  0.,  0.,  0.],
       [ 0., -1.,  0.,  0.],
       [ 0.,  0.,  0.,  1.]])), SymmOp(affine_matrix=array([[ 0.,  0.,  1.,  0.],
       [-1.,  0.,  0.,  0.],
       [ 0.,  1.,  0.,  0.],
       [ 0.,  0.,  0.,  1.]])), SymmOp(affine_matrix=array([[ 0.,  0., -1.,  0.],
       [ 0., -1.,  0.,  0.],
       [-1.,  0.,  0.,  0.],
       [ 0.,  0.,  0.,  1.]])), SymmOp(affine_matrix=array([[0., 0., 1., 0.],
       [0., 1., 0., 0.],
       [1., 0., 0., 0.],
       [0., 0., 0., 1.]])), SymmOp(affine_matrix=array([[ 0.,  0., -1.,  0.],
       [-1.,  0.,  0.,  0.],
       [ 0.,  1.,  0.,  0.],
       [ 0.,  0.,  0.,  1.]])), SymmOp(affine_matrix=array([[ 0.,  0.,  1.,  0.],
       [ 1.,  0.,  0.,  0.],
       [ 0., -1.,  0.,  0.],
       [ 0.,  0.,  0.,  1.]])), SymmOp(affine_matrix=array([[ 0.,  0., -1.,  0.],
       [ 0.,  1.,  0.,  0.],
       [ 1.,  0.,  0.,  0.],
       [ 0.,  0.,  0.,  1.]])), SymmOp(affine_matrix=array([[ 0.,  0.,  1.,  0.],
       [ 0., -1.,  0.,  0.],
       [-1.,  0.,  0.,  0.],
       [ 0.,  0.,  0.,  1.]])), SymmOp(affine_matrix=array([[0., 1., 0., 0.],
       [0., 0., 1., 0.],
       [1., 0., 0., 0.],
       [0., 0., 0., 1.]])), SymmOp(affine_matrix=array([[ 0., -1.,  0.,  0.],
       [ 0.,  0., -1.,  0.],
       [-1.,  0.,  0.,  0.],
       [ 0.,  0.,  0.,  1.]])), SymmOp(affine_matrix=array([[ 1.,  0.,  0.,  0.],
       [ 0.,  0.,  1.,  0.],
       [ 0., -1.,  0.,  0.],
       [ 0.,  0.,  0.,  1.]])), SymmOp(affine_matrix=array([[-1.,  0.,  0.,  0.],
       [ 0.,  0., -1.,  0.],
       [ 0.,  1.,  0.,  0.],
       [ 0.,  0.,  0.,  1.]])), SymmOp(affine_matrix=array([[ 0., -1.,  0.,  0.],
       [ 0.,  0.,  1.,  0.],
       [-1.,  0.,  0.,  0.],
       [ 0.,  0.,  0.,  1.]])), SymmOp(affine_matrix=array([[ 0.,  1.,  0.,  0.],
       [ 0.,  0., -1.,  0.],
       [ 1.,  0.,  0.,  0.],
       [ 0.,  0.,  0.,  1.]])), SymmOp(affine_matrix=array([[-1.,  0.,  0.,  0.],
       [ 0.,  0.,  1.,  0.],
       [ 0.,  1.,  0.,  0.],
       [ 0.,  0.,  0.,  1.]])), SymmOp(affine_matrix=array([[ 1.,  0.,  0.,  0.],
       [ 0.,  0., -1.,  0.],
       [ 0., -1.,  0.,  0.],
       [ 0.,  0.,  0.,  1.]])), SymmOp(affine_matrix=array([[ 0., -1.,  0.,  0.],
       [ 0.,  0., -1.,  0.],
       [ 1.,  0.,  0.,  0.],
       [ 0.,  0.,  0.,  1.]])), SymmOp(affine_matrix=array([[ 0.,  1.,  0.,  0.],
       [ 0.,  0.,  1.,  0.],
       [-1.,  0.,  0.,  0.],
       [ 0.,  0.,  0.,  1.]])), SymmOp(affine_matrix=array([[-1.,  0.,  0.,  0.],
       [ 0.,  0., -1.,  0.],
       [ 0., -1.,  0.,  0.],
       [ 0.,  0.,  0.,  1.]])), SymmOp(affine_matrix=array([[1., 0., 0., 0.],
       [0., 0., 1., 0.],
       [0., 1., 0., 0.],
       [0., 0., 0., 1.]])), SymmOp(affine_matrix=array([[ 0.,  1.,  0.,  0.],
       [ 0.,  0., -1.,  0.],
       [-1.,  0.,  0.,  0.],
       [ 0.,  0.,  0.,  1.]])), SymmOp(affine_matrix=array([[ 0., -1.,  0.,  0.],
       [ 0.,  0.,  1.,  0.],
       [ 1.,  0.,  0.,  0.],
       [ 0.,  0.,  0.,  1.]])), SymmOp(affine_matrix=array([[ 1.,  0.,  0.,  0.],
       [ 0.,  0., -1.,  0.],
       [ 0.,  1.,  0.,  0.],
       [ 0.,  0.,  0.,  1.]])), SymmOp(affine_matrix=array([[-1.,  0.,  0.,  0.],
       [ 0.,  0.,  1.,  0.],
       [ 0., -1.,  0.,  0.],
       [ 0.,  0.,  0.,  1.]]))], [SymmOp(affine_matrix=array([[1., 0., 0., 0.],
       [0., 1., 0., 0.],
       [0., 0., 1., 0.],
       [0., 0., 0., 1.]])), SymmOp(affine_matrix=array([[-1.,  0.,  0.,  0.],
       [ 0., -1.,  0.,  0.],
       [ 0.,  0., -1.,  0.],
       [ 0.,  0.,  0.,  1.]])), SymmOp(affine_matrix=array([[ 0., -1.,  0.,  0.],
       [ 1.,  0.,  0.,  0.],
       [ 0.,  0.,  1.,  0.],
       [ 0.,  0.,  0.,  1.]])), SymmOp(affine_matrix=array([[ 0.,  1.,  0.,  0.],
       [-1.,  0.,  0.,  0.],
       [ 0.,  0., -1.,  0.],
       [ 0.,  0.,  0.,  1.]])), SymmOp(affine_matrix=array([[-1.,  0.,  0.,  0.],
       [ 0., -1.,  0.,  0.],
       [ 0.,  0.,  1.,  0.],
       [ 0.,  0.,  0.,  1.]])), SymmOp(affine_matrix=array([[ 1.,  0.,  0.,  0.],
       [ 0.,  1.,  0.,  0.],
       [ 0.,  0., -1.,  0.],
       [ 0.,  0.,  0.,  1.]])), SymmOp(affine_matrix=array([[ 0.,  1.,  0.,  0.],
       [-1.,  0.,  0.,  0.],
       [ 0.,  0.,  1.,  0.],
       [ 0.,  0.,  0.,  1.]])), SymmOp(affine_matrix=array([[ 0., -1.,  0.,  0.],
       [ 1.,  0.,  0.,  0.],
       [ 0.,  0., -1.,  0.],
       [ 0.,  0.,  0.,  1.]])), SymmOp(affine_matrix=array([[ 1.,  0.,  0.,  0.],
       [ 0., -1.,  0.,  0.],
       [ 0.,  0., -1.,  0.],
       [ 0.,  0.,  0.,  1.]])), SymmOp(affine_matrix=array([[-1.,  0.,  0.,  0.],
       [ 0.,  1.,  0.,  0.],
       [ 0.,  0.,  1.,  0.],
       [ 0.,  0.,  0.,  1.]])), SymmOp(affine_matrix=array([[ 0., -1.,  0.,  0.],
       [-1.,  0.,  0.,  0.],
       [ 0.,  0., -1.,  0.],
       [ 0.,  0.,  0.,  1.]])), SymmOp(affine_matrix=array([[0., 1., 0., 0.],
       [1., 0., 0., 0.],
       [0., 0., 1., 0.],
       [0., 0., 0., 1.]])), SymmOp(affine_matrix=array([[-1.,  0.,  0.,  0.],
       [ 0.,  1.,  0.,  0.],
       [ 0.,  0., -1.,  0.],
       [ 0.,  0.,  0.,  1.]])), SymmOp(affine_matrix=array([[ 1.,  0.,  0.,  0.],
       [ 0., -1.,  0.,  0.],
       [ 0.,  0.,  1.,  0.],
       [ 0.,  0.,  0.,  1.]])), SymmOp(affine_matrix=array([[ 0.,  1.,  0.,  0.],
       [ 1.,  0.,  0.,  0.],
       [ 0.,  0., -1.,  0.],
       [ 0.,  0.,  0.,  1.]])), SymmOp(affine_matrix=array([[ 0., -1.,  0.,  0.],
       [-1.,  0.,  0.,  0.],
       [ 0.,  0.,  1.,  0.],
       [ 0.,  0.,  0.,  1.]])), SymmOp(affine_matrix=array([[0., 0., 1., 0.],
       [1., 0., 0., 0.],
       [0., 1., 0., 0.],
       [0., 0., 0., 1.]])), SymmOp(affine_matrix=array([[ 0.,  0., -1.,  0.],
       [-1.,  0.,  0.,  0.],
       [ 0., -1.,  0.,  0.],
       [ 0.,  0.,  0.,  1.]])), SymmOp(affine_matrix=array([[ 0.,  0.,  1.,  0.],
       [ 0., -1.,  0.,  0.],
       [ 1.,  0.,  0.,  0.],
       [ 0.,  0.,  0.,  1.]])), SymmOp(affine_matrix=array([[ 0.,  0., -1.,  0.],
       [ 0.,  1.,  0.,  0.],
       [-1.,  0.,  0.,  0.],
       [ 0.,  0.,  0.,  1.]])), SymmOp(affine_matrix=array([[ 0.,  0.,  1.,  0.],
       [-1.,  0.,  0.,  0.],
       [ 0., -1.,  0.,  0.],
       [ 0.,  0.,  0.,  1.]])), SymmOp(affine_matrix=array([[ 0.,  0., -1.,  0.],
       [ 1.,  0.,  0.,  0.],
       [ 0.,  1.,  0.,  0.],
       [ 0.,  0.,  0.,  1.]])), SymmOp(affine_matrix=array([[ 0.,  0.,  1.,  0.],
       [ 0.,  1.,  0.,  0.],
       [-1.,  0.,  0.,  0.],
       [ 0.,  0.,  0.,  1.]])), SymmOp(affine_matrix=array([[ 0.,  0., -1.,  0.],
       [ 0., -1.,  0.,  0.],
       [ 1.,  0.,  0.,  0.],
       [ 0.,  0.,  0.,  1.]])), SymmOp(affine_matrix=array([[ 0.,  0., -1.,  0.],
       [ 1.,  0.,  0.,  0.],
       [ 0., -1.,  0.,  0.],
       [ 0.,  0.,  0.,  1.]])), SymmOp(affine_matrix=array([[ 0.,  0.,  1.,  0.],
       [-1.,  0.,  0.,  0.],
       [ 0.,  1.,  0.,  0.],
       [ 0.,  0.,  0.,  1.]])), SymmOp(affine_matrix=array([[ 0.,  0., -1.,  0.],
       [ 0., -1.,  0.,  0.],
       [-1.,  0.,  0.,  0.],
       [ 0.,  0.,  0.,  1.]])), SymmOp(affine_matrix=array([[0., 0., 1., 0.],
       [0., 1., 0., 0.],
       [1., 0., 0., 0.],
       [0., 0., 0., 1.]])), SymmOp(affine_matrix=array([[ 0.,  0., -1.,  0.],
       [-1.,  0.,  0.,  0.],
       [ 0.,  1.,  0.,  0.],
       [ 0.,  0.,  0.,  1.]])), SymmOp(affine_matrix=array([[ 0.,  0.,  1.,  0.],
       [ 1.,  0.,  0.,  0.],
       [ 0., -1.,  0.,  0.],
       [ 0.,  0.,  0.,  1.]])), SymmOp(affine_matrix=array([[ 0.,  0., -1.,  0.],
       [ 0.,  1.,  0.,  0.],
       [ 1.,  0.,  0.,  0.],
       [ 0.,  0.,  0.,  1.]])), SymmOp(affine_matrix=array([[ 0.,  0.,  1.,  0.],
       [ 0., -1.,  0.,  0.],
       [-1.,  0.,  0.,  0.],
       [ 0.,  0.,  0.,  1.]])), SymmOp(affine_matrix=array([[0., 1., 0., 0.],
       [0., 0., 1., 0.],
       [1., 0., 0., 0.],
       [0., 0., 0., 1.]])), SymmOp(affine_matrix=array([[ 0., -1.,  0.,  0.],
       [ 0.,  0., -1.,  0.],
       [-1.,  0.,  0.,  0.],
       [ 0.,  0.,  0.,  1.]])), SymmOp(affine_matrix=array([[ 1.,  0.,  0.,  0.],
       [ 0.,  0.,  1.,  0.],
       [ 0., -1.,  0.,  0.],
       [ 0.,  0.,  0.,  1.]])), SymmOp(affine_matrix=array([[-1.,  0.,  0.,  0.],
       [ 0.,  0., -1.,  0.],
       [ 0.,  1.,  0.,  0.],
       [ 0.,  0.,  0.,  1.]])), SymmOp(affine_matrix=array([[ 0., -1.,  0.,  0.],
       [ 0.,  0.,  1.,  0.],
       [-1.,  0.,  0.,  0.],
       [ 0.,  0.,  0.,  1.]])), SymmOp(affine_matrix=array([[ 0.,  1.,  0.,  0.],
       [ 0.,  0., -1.,  0.],
       [ 1.,  0.,  0.,  0.],
       [ 0.,  0.,  0.,  1.]])), SymmOp(affine_matrix=array([[-1.,  0.,  0.,  0.],
       [ 0.,  0.,  1.,  0.],
       [ 0.,  1.,  0.,  0.],
       [ 0.,  0.,  0.,  1.]])), SymmOp(affine_matrix=array([[ 1.,  0.,  0.,  0.],
       [ 0.,  0., -1.,  0.],
       [ 0., -1.,  0.,  0.],
       [ 0.,  0.,  0.,  1.]])), SymmOp(affine_matrix=array([[ 0., -1.,  0.,  0.],
       [ 0.,  0., -1.,  0.],
       [ 1.,  0.,  0.,  0.],
       [ 0.,  0.,  0.,  1.]])), SymmOp(affine_matrix=array([[ 0.,  1.,  0.,  0.],
       [ 0.,  0.,  1.,  0.],
       [-1.,  0.,  0.,  0.],
       [ 0.,  0.,  0.,  1.]])), SymmOp(affine_matrix=array([[-1.,  0.,  0.,  0.],
       [ 0.,  0., -1.,  0.],
       [ 0., -1.,  0.,  0.],
       [ 0.,  0.,  0.,  1.]])), SymmOp(affine_matrix=array([[1., 0., 0., 0.],
       [0., 0., 1., 0.],
       [0., 1., 0., 0.],
       [0., 0., 0., 1.]])), SymmOp(affine_matrix=array([[ 0.,  1.,  0.,  0.],
       [ 0.,  0., -1.,  0.],
       [-1.,  0.,  0.,  0.],
       [ 0.,  0.,  0.,  1.]])), SymmOp(affine_matrix=array([[ 0., -1.,  0.,  0.],
       [ 0.,  0.,  1.,  0.],
       [ 1.,  0.,  0.,  0.],
       [ 0.,  0.,  0.,  1.]])), SymmOp(affine_matrix=array([[ 1.,  0.,  0.,  0.],
       [ 0.,  0., -1.,  0.],
       [ 0.,  1.,  0.,  0.],
       [ 0.,  0.,  0.,  1.]])), SymmOp(affine_matrix=array([[-1.,  0.,  0.,  0.],
       [ 0.,  0.,  1.,  0.],
       [ 0., -1.,  0.,  0.],
       [ 0.,  0.,  0.,  1.]]))]]