# Ni Mn In 
8	6	2	\A_0\run	-103.32086836	5.981349758823976	5.981349758823976	5.981349758823976	1.5707963267948966	1.5707963267948966	1.5707963267948966
5.981349758823976	0.0	0.0
0.0	5.981349758823976	0.0
0.0	0.0	5.981349758823976
	0	0	0	0.25	0.25	0.25
	1	0	0	0.75	0.25	0.25
	2	0	0	0.25	0.75	0.25
	3	0	0	0.75	0.75	0.25
	4	0	0	0.25	0.25	0.75
	5	0	0	0.75	0.25	0.75
	6	0	0	0.25	0.75	0.75
	7	0	0	0.75	0.75	0.75
	8	1	2.0	0.5	0.5	0.0
	9	1	2.0	0.0	0.5	0.0
	10	1	2.0	0.0	0.0	0.5
	11	1	2.0	0.5	0.0	0.5
	12	1	2.0	0.5	0.5	0.5
	13	1	2.0	0.0	0.5	0.5
	14	2	0	0.0	0.0	0.0
	15	2	0	0.5	0.0	0.0
# Ni Mn In 
8	6	2	\A_1\run	-103.27337259	5.981349758823976	5.981349758823976	5.981349758823976	1.5707963267948966	1.5707963267948966	1.5707963267948966
5.981349758823976	0.0	0.0
0.0	5.981349758823976	0.0
0.0	0.0	5.981349758823976
	0	0	0	0.25	0.25	0.25
	1	0	0	0.75	0.25	0.25
	2	0	0	0.25	0.75	0.25
	3	0	0	0.75	0.75	0.25
	4	0	0	0.25	0.25	0.75
	5	0	0	0.75	0.25	0.75
	6	0	0	0.25	0.75	0.75
	7	0	0	0.75	0.75	0.75
	8	1	-2.0	0.5	0.5	0.0
	9	1	2.0	0.0	0.5	0.0
	10	1	2.0	0.0	0.0	0.5
	11	1	2.0	0.5	0.0	0.5
	12	1	2.0	0.5	0.5	0.5
	13	1	2.0	0.0	0.5	0.5
	14	2	0	0.0	0.0	0.0
	15	2	0	0.5	0.0	0.0
# Ni Mn In 
8	6	2	\A_10\run	-103.09344151	5.981349758823976	5.981349758823976	5.981349758823976	1.5707963267948966	1.5707963267948966	1.5707963267948966
5.981349758823976	0.0	0.0
0.0	5.981349758823976	0.0
0.0	0.0	5.981349758823976
	0	0	0	0.25	0.25	0.25
	1	0	0	0.75	0.25	0.25
	2	0	0	0.25	0.75	0.25
	3	0	0	0.75	0.75	0.25
	4	0	0	0.25	0.25	0.75
	5	0	0	0.75	0.25	0.75
	6	0	0	0.25	0.75	0.75
	7	0	0	0.75	0.75	0.75
	8	1	-2.0	0.5	0.5	0.0
	9	1	-2.0	0.0	0.5	0.0
	10	1	2.0	0.0	0.0	0.5
	11	1	2.0	0.5	0.0	0.5
	12	1	-2.0	0.5	0.5	0.5
	13	1	2.0	0.0	0.5	0.5
	14	2	0	0.0	0.0	0.0
	15	2	0	0.5	0.0	0.0
# Ni Mn In 
8	6	2	\A_11\run	-103.24574385	5.981349758823976	5.981349758823976	5.981349758823976	1.5707963267948966	1.5707963267948966	1.5707963267948966
5.981349758823976	0.0	0.0
0.0	5.981349758823976	0.0
0.0	0.0	5.981349758823976
	0	0	0	0.25	0.25	0.25
	1	0	0	0.75	0.25	0.25
	2	0	0	0.25	0.75	0.25
	3	0	0	0.75	0.75	0.25
	4	0	0	0.25	0.25	0.75
	5	0	0	0.75	0.25	0.75
	6	0	0	0.25	0.75	0.75
	7	0	0	0.75	0.75	0.75
	8	1	2.0	0.5	0.5	0.0
	9	1	-2.0	0.0	0.5	0.0
	10	1	-2.0	0.0	0.0	0.5
	11	1	2.0	0.5	0.0	0.5
	12	1	2.0	0.5	0.5	0.5
	13	1	-2.0	0.0	0.5	0.5
	14	2	0	0.0	0.0	0.0
	15	2	0	0.5	0.0	0.0
# Ni Mn In 
8	6	2	\A_12\run	-103.12191647	5.981349758823976	5.981349758823976	5.981349758823976	1.5707963267948966	1.5707963267948966	1.5707963267948966
5.981349758823976	0.0	0.0
0.0	5.981349758823976	0.0
0.0	0.0	5.981349758823976
	0	0	0	0.25	0.25	0.25
	1	0	0	0.75	0.25	0.25
	2	0	0	0.25	0.75	0.25
	3	0	0	0.75	0.75	0.25
	4	0	0	0.25	0.25	0.75
	5	0	0	0.75	0.25	0.75
	6	0	0	0.25	0.75	0.75
	7	0	0	0.75	0.75	0.75
	8	1	2.0	0.5	0.5	0.0
	9	1	-2.0	0.0	0.5	0.0
	10	1	-2.0	0.0	0.0	0.5
	11	1	2.0	0.5	0.0	0.5
	12	1	-2.0	0.5	0.5	0.5
	13	1	2.0	0.0	0.5	0.5
	14	2	0	0.0	0.0	0.0
	15	2	0	0.5	0.0	0.0
# Ni Mn In 
8	6	2	\A_2\run	-103.27348106	5.981349758823976	5.981349758823976	5.981349758823976	1.5707963267948966	1.5707963267948966	1.5707963267948966
5.981349758823976	0.0	0.0
0.0	5.981349758823976	0.0
0.0	0.0	5.981349758823976
	0	0	0	0.25	0.25	0.25
	1	0	0	0.75	0.25	0.25
	2	0	0	0.25	0.75	0.25
	3	0	0	0.75	0.75	0.25
	4	0	0	0.25	0.25	0.75
	5	0	0	0.75	0.25	0.75
	6	0	0	0.25	0.75	0.75
	7	0	0	0.75	0.75	0.75
	8	1	2.0	0.5	0.5	0.0
	9	1	2.0	0.0	0.5	0.0
	10	1	-2.0	0.0	0.0	0.5
	11	1	2.0	0.5	0.0	0.5
	12	1	2.0	0.5	0.5	0.5
	13	1	2.0	0.0	0.5	0.5
	14	2	0	0.0	0.0	0.0
	15	2	0	0.5	0.0	0.0
# Ni Mn In 
8	6	2	\A_3\run	-103.18774507	5.981349758823976	5.981349758823976	5.981349758823976	1.5707963267948966	1.5707963267948966	1.5707963267948966
5.981349758823976	0.0	0.0
0.0	5.981349758823976	0.0
0.0	0.0	5.981349758823976
	0	0	0	0.25	0.25	0.25
	1	0	0	0.75	0.25	0.25
	2	0	0	0.25	0.75	0.25
	3	0	0	0.75	0.75	0.25
	4	0	0	0.25	0.25	0.75
	5	0	0	0.75	0.25	0.75
	6	0	0	0.25	0.75	0.75
	7	0	0	0.75	0.75	0.75
	8	1	-2.0	0.5	0.5	0.0
	9	1	-2.0	0.0	0.5	0.0
	10	1	2.0	0.0	0.0	0.5
	11	1	2.0	0.5	0.0	0.5
	12	1	2.0	0.5	0.5	0.5
	13	1	2.0	0.0	0.5	0.5
	14	2	0	0.0	0.0	0.0
	15	2	0	0.5	0.0	0.0
# Ni Mn In 
8	6	2	\A_4\run	-103.29029535	5.981349758823976	5.981349758823976	5.981349758823976	1.5707963267948966	1.5707963267948966	1.5707963267948966
5.981349758823976	0.0	0.0
0.0	5.981349758823976	0.0
0.0	0.0	5.981349758823976
	0	0	0	0.25	0.25	0.25
	1	0	0	0.75	0.25	0.25
	2	0	0	0.25	0.75	0.25
	3	0	0	0.75	0.75	0.25
	4	0	0	0.25	0.25	0.75
	5	0	0	0.75	0.25	0.75
	6	0	0	0.25	0.75	0.75
	7	0	0	0.75	0.75	0.75
	8	1	2.0	0.5	0.5	0.0
	9	1	-2.0	0.0	0.5	0.0
	10	1	-2.0	0.0	0.0	0.5
	11	1	2.0	0.5	0.0	0.5
	12	1	2.0	0.5	0.5	0.5
	13	1	2.0	0.0	0.5	0.5
	14	2	0	0.0	0.0	0.0
	15	2	0	0.5	0.0	0.0
# Ni Mn In 
8	6	2	\A_5\run	-103.24034009	5.981349758823976	5.981349758823976	5.981349758823976	1.5707963267948966	1.5707963267948966	1.5707963267948966
5.981349758823976	0.0	0.0
0.0	5.981349758823976	0.0
0.0	0.0	5.981349758823976
	0	0	0	0.25	0.25	0.25
	1	0	0	0.75	0.25	0.25
	2	0	0	0.25	0.75	0.25
	3	0	0	0.75	0.75	0.25
	4	0	0	0.25	0.25	0.75
	5	0	0	0.75	0.25	0.75
	6	0	0	0.25	0.75	0.75
	7	0	0	0.75	0.75	0.75
	8	1	2.0	0.5	0.5	0.0
	9	1	-2.0	0.0	0.5	0.0
	10	1	2.0	0.0	0.0	0.5
	11	1	-2.0	0.5	0.0	0.5
	12	1	2.0	0.5	0.5	0.5
	13	1	2.0	0.0	0.5	0.5
	14	2	0	0.0	0.0	0.0
	15	2	0	0.5	0.0	0.0
# Ni Mn In 
8	6	2	\A_6\run	-103.15335386	5.981349758823976	5.981349758823976	5.981349758823976	1.5707963267948966	1.5707963267948966	1.5707963267948966
5.981349758823976	0.0	0.0
0.0	5.981349758823976	0.0
0.0	0.0	5.981349758823976
	0	0	0	0.25	0.25	0.25
	1	0	0	0.75	0.25	0.25
	2	0	0	0.25	0.75	0.25
	3	0	0	0.75	0.75	0.25
	4	0	0	0.25	0.25	0.75
	5	0	0	0.75	0.25	0.75
	6	0	0	0.25	0.75	0.75
	7	0	0	0.75	0.75	0.75
	8	1	2.0	0.5	0.5	0.0
	9	1	-2.0	0.0	0.5	0.0
	10	1	2.0	0.0	0.0	0.5
	11	1	2.0	0.5	0.0	0.5
	12	1	-2.0	0.5	0.5	0.5
	13	1	2.0	0.0	0.5	0.5
	14	2	0	0.0	0.0	0.0
	15	2	0	0.5	0.0	0.0
# Ni Mn In 
8	6	2	\A_7\run	-103.18427503	5.981349758823976	5.981349758823976	5.981349758823976	1.5707963267948966	1.5707963267948966	1.5707963267948966
5.981349758823976	0.0	0.0
0.0	5.981349758823976	0.0
0.0	0.0	5.981349758823976
	0	0	0	0.25	0.25	0.25
	1	0	0	0.75	0.25	0.25
	2	0	0	0.25	0.75	0.25
	3	0	0	0.75	0.75	0.25
	4	0	0	0.25	0.25	0.75
	5	0	0	0.75	0.25	0.75
	6	0	0	0.25	0.75	0.75
	7	0	0	0.75	0.75	0.75
	8	1	2.0	0.5	0.5	0.0
	9	1	-2.0	0.0	0.5	0.0
	10	1	2.0	0.0	0.0	0.5
	11	1	2.0	0.5	0.0	0.5
	12	1	2.0	0.5	0.5	0.5
	13	1	-2.0	0.0	0.5	0.5
	14	2	0	0.0	0.0	0.0
	15	2	0	0.5	0.0	0.0
# Ni Mn In 
8	6	2	\A_8\run	-103.19631572	5.981349758823976	5.981349758823976	5.981349758823976	1.5707963267948966	1.5707963267948966	1.5707963267948966
5.981349758823976	0.0	0.0
0.0	5.981349758823976	0.0
0.0	0.0	5.981349758823976
	0	0	0	0.25	0.25	0.25
	1	0	0	0.75	0.25	0.25
	2	0	0	0.25	0.75	0.25
	3	0	0	0.75	0.75	0.25
	4	0	0	0.25	0.25	0.75
	5	0	0	0.75	0.25	0.75
	6	0	0	0.25	0.75	0.75
	7	0	0	0.75	0.75	0.75
	8	1	2.0	0.5	0.5	0.0
	9	1	2.0	0.0	0.5	0.0
	10	1	2.0	0.0	0.0	0.5
	11	1	2.0	0.5	0.0	0.5
	12	1	-2.0	0.5	0.5	0.5
	13	1	-2.0	0.0	0.5	0.5
	14	2	0	0.0	0.0	0.0
	15	2	0	0.5	0.0	0.0
# Ni Mn In 
8	6	2	\A_9\run	-103.27280942	5.981349758823976	5.981349758823976	5.981349758823976	1.5707963267948966	1.5707963267948966	1.5707963267948966
5.981349758823976	0.0	0.0
0.0	5.981349758823976	0.0
0.0	0.0	5.981349758823976
	0	0	0	0.25	0.25	0.25
	1	0	0	0.75	0.25	0.25
	2	0	0	0.25	0.75	0.25
	3	0	0	0.75	0.75	0.25
	4	0	0	0.25	0.25	0.75
	5	0	0	0.75	0.25	0.75
	6	0	0	0.25	0.75	0.75
	7	0	0	0.75	0.75	0.75
	8	1	-2.0	0.5	0.5	0.0
	9	1	-2.0	0.0	0.5	0.0
	10	1	-2.0	0.0	0.0	0.5
	11	1	2.0	0.5	0.0	0.5
	12	1	2.0	0.5	0.5	0.5
	13	1	2.0	0.0	0.5	0.5
	14	2	0	0.0	0.0	0.0
	15	2	0	0.5	0.0	0.0
# Ni Mn In 
8	6	2	\B_0\run	-103.53152928	5.981349758823976	5.981349758823976	5.981349758823976	1.5707963267948966	1.5707963267948966	1.5707963267948966
5.981349758823976	0.0	0.0
0.0	5.981349758823976	0.0
0.0	0.0	5.981349758823976
	0	0	0	0.25	0.25	0.25
	1	0	0	0.75	0.25	0.25
	2	0	0	0.25	0.75	0.25
	3	0	0	0.75	0.75	0.25
	4	0	0	0.25	0.25	0.75
	5	0	0	0.75	0.25	0.75
	6	0	0	0.25	0.75	0.75
	7	0	0	0.75	0.75	0.75
	8	1	2.0	0.5	0.0	0.0
	9	1	2.0	0.0	0.5	0.0
	10	1	2.0	0.0	0.0	0.5
	11	1	2.0	0.5	0.0	0.5
	12	1	2.0	0.5	0.5	0.5
	13	1	2.0	0.0	0.5	0.5
	14	2	0	0.0	0.0	0.0
	15	2	0	0.5	0.5	0.0
# Ni Mn In 
8	6	2	\B_1\run	-103.36031023	5.981349758823976	5.981349758823976	5.981349758823976	1.5707963267948966	1.5707963267948966	1.5707963267948966
5.981349758823976	0.0	0.0
0.0	5.981349758823976	0.0
0.0	0.0	5.981349758823976
	0	0	0	0.25	0.25	0.25
	1	0	0	0.75	0.25	0.25
	2	0	0	0.25	0.75	0.25
	3	0	0	0.75	0.75	0.25
	4	0	0	0.25	0.25	0.75
	5	0	0	0.75	0.25	0.75
	6	0	0	0.25	0.75	0.75
	7	0	0	0.75	0.75	0.75
	8	1	-2.0	0.5	0.0	0.0
	9	1	2.0	0.0	0.5	0.0
	10	1	2.0	0.0	0.0	0.5
	11	1	2.0	0.5	0.0	0.5
	12	1	2.0	0.5	0.5	0.5
	13	1	2.0	0.0	0.5	0.5
	14	2	0	0.0	0.0	0.0
	15	2	0	0.5	0.5	0.0
# Ni Mn In 
8	6	2	\B_10\run	-103.37203046	5.981349758823976	5.981349758823976	5.981349758823976	1.5707963267948966	1.5707963267948966	1.5707963267948966
5.981349758823976	0.0	0.0
0.0	5.981349758823976	0.0
0.0	0.0	5.981349758823976
	0	0	0	0.25	0.25	0.25
	1	0	0	0.75	0.25	0.25
	2	0	0	0.25	0.75	0.25
	3	0	0	0.75	0.75	0.25
	4	0	0	0.25	0.25	0.75
	5	0	0	0.75	0.25	0.75
	6	0	0	0.25	0.75	0.75
	7	0	0	0.75	0.75	0.75
	8	1	2.0	0.5	0.0	0.0
	9	1	2.0	0.0	0.5	0.0
	10	1	2.0	0.0	0.0	0.5
	11	1	-2.0	0.5	0.0	0.5
	12	1	2.0	0.5	0.5	0.5
	13	1	-2.0	0.0	0.5	0.5
	14	2	0	0.0	0.0	0.0
	15	2	0	0.5	0.5	0.0
# Ni Mn In 
8	6	2	\B_11\run	-103.36534833	5.981349758823976	5.981349758823976	5.981349758823976	1.5707963267948966	1.5707963267948966	1.5707963267948966
5.981349758823976	0.0	0.0
0.0	5.981349758823976	0.0
0.0	0.0	5.981349758823976
	0	0	0	0.25	0.25	0.25
	1	0	0	0.75	0.25	0.25
	2	0	0	0.25	0.75	0.25
	3	0	0	0.75	0.75	0.25
	4	0	0	0.25	0.25	0.75
	5	0	0	0.75	0.25	0.75
	6	0	0	0.25	0.75	0.75
	7	0	0	0.75	0.75	0.75
	8	1	-2.0	0.5	0.0	0.0
	9	1	-2.0	0.0	0.5	0.0
	10	1	-2.0	0.0	0.0	0.5
	11	1	2.0	0.5	0.0	0.5
	12	1	2.0	0.5	0.5	0.5
	13	1	2.0	0.0	0.5	0.5
	14	2	0	0.0	0.0	0.0
	15	2	0	0.5	0.5	0.0
# Ni Mn In 
8	6	2	\B_12\run	-103.28867817	5.981349758823976	5.981349758823976	5.981349758823976	1.5707963267948966	1.5707963267948966	1.5707963267948966
5.981349758823976	0.0	0.0
0.0	5.981349758823976	0.0
0.0	0.0	5.981349758823976
	0	0	0	0.25	0.25	0.25
	1	0	0	0.75	0.25	0.25
	2	0	0	0.25	0.75	0.25
	3	0	0	0.75	0.75	0.25
	4	0	0	0.25	0.25	0.75
	5	0	0	0.75	0.25	0.75
	6	0	0	0.25	0.75	0.75
	7	0	0	0.75	0.75	0.75
	8	1	-2.0	0.5	0.0	0.0
	9	1	-2.0	0.0	0.5	0.0
	10	1	2.0	0.0	0.0	0.5
	11	1	-2.0	0.5	0.0	0.5
	12	1	2.0	0.5	0.5	0.5
	13	1	2.0	0.0	0.5	0.5
	14	2	0	0.0	0.0	0.0
	15	2	0	0.5	0.5	0.0
# Ni Mn In 
8	6	2	\B_13\run	-103.24924534	5.981349758823976	5.981349758823976	5.981349758823976	1.5707963267948966	1.5707963267948966	1.5707963267948966
5.981349758823976	0.0	0.0
0.0	5.981349758823976	0.0
0.0	0.0	5.981349758823976
	0	0	0	0.25	0.25	0.25
	1	0	0	0.75	0.25	0.25
	2	0	0	0.25	0.75	0.25
	3	0	0	0.75	0.75	0.25
	4	0	0	0.25	0.25	0.75
	5	0	0	0.75	0.25	0.75
	6	0	0	0.25	0.75	0.75
	7	0	0	0.75	0.75	0.75
	8	1	-2.0	0.5	0.0	0.0
	9	1	2.0	0.0	0.5	0.0
	10	1	-2.0	0.0	0.0	0.5
	11	1	-2.0	0.5	0.0	0.5
	12	1	2.0	0.5	0.5	0.5
	13	1	2.0	0.0	0.5	0.5
	14	2	0	0.0	0.0	0.0
	15	2	0	0.5	0.5	0.0
# Ni Mn In 
8	6	2	\B_14\run	-103.24924534	5.981349758823976	5.981349758823976	5.981349758823976	1.5707963267948966	1.5707963267948966	1.5707963267948966
5.981349758823976	0.0	0.0
0.0	5.981349758823976	0.0
0.0	0.0	5.981349758823976
	0	0	0	0.25	0.25	0.25
	1	0	0	0.75	0.25	0.25
	2	0	0	0.25	0.75	0.25
	3	0	0	0.75	0.75	0.25
	4	0	0	0.25	0.25	0.75
	5	0	0	0.75	0.25	0.75
	6	0	0	0.25	0.75	0.75
	7	0	0	0.75	0.75	0.75
	8	1	-2.0	0.5	0.0	0.0
	9	1	2.0	0.0	0.5	0.0
	10	1	-2.0	0.0	0.0	0.5
	11	1	-2.0	0.5	0.0	0.5
	12	1	2.0	0.5	0.5	0.5
	13	1	2.0	0.0	0.5	0.5
	14	2	0	0.0	0.0	0.0
	15	2	0	0.5	0.5	0.0
# Ni Mn In 
8	6	2	\B_15\run	-103.25079204	5.981349758823976	5.981349758823976	5.981349758823976	1.5707963267948966	1.5707963267948966	1.5707963267948966
5.981349758823976	0.0	0.0
0.0	5.981349758823976	0.0
0.0	0.0	5.981349758823976
	0	0	0	0.25	0.25	0.25
	1	0	0	0.75	0.25	0.25
	2	0	0	0.25	0.75	0.25
	3	0	0	0.75	0.75	0.25
	4	0	0	0.25	0.25	0.75
	5	0	0	0.75	0.25	0.75
	6	0	0	0.25	0.75	0.75
	7	0	0	0.75	0.75	0.75
	8	1	-2.0	0.5	0.0	0.0
	9	1	2.0	0.0	0.5	0.0
	10	1	2.0	0.0	0.0	0.5
	11	1	-2.0	0.5	0.0	0.5
	12	1	2.0	0.5	0.5	0.5
	13	1	-2.0	0.0	0.5	0.5
	14	2	0	0.0	0.0	0.0
	15	2	0	0.5	0.5	0.0
# Ni Mn In 
8	6	2	\B_16\run	-102.40099155	5.981349758823976	5.981349758823976	5.981349758823976	1.5707963267948966	1.5707963267948966	1.5707963267948966
5.981349758823976	0.0	0.0
0.0	5.981349758823976	0.0
0.0	0.0	5.981349758823976
	0	0	0	0.25	0.25	0.25
	1	0	0	0.75	0.25	0.25
	2	0	0	0.25	0.75	0.25
	3	0	0	0.75	0.75	0.25
	4	0	0	0.25	0.25	0.75
	5	0	0	0.75	0.25	0.75
	6	0	0	0.25	0.75	0.75
	7	0	0	0.75	0.75	0.75
	8	1	2.0	0.5	0.0	0.0
	9	1	2.0	0.0	0.5	0.0
	10	1	-2.0	0.0	0.0	0.5
	11	1	-2.0	0.5	0.0	0.5
	12	1	-2.0	0.5	0.5	0.5
	13	1	2.0	0.0	0.5	0.5
	14	2	0	0.0	0.0	0.0
	15	2	0	0.5	0.5	0.0
# Ni Mn In 
8	6	2	\B_17\run	-103.36537753	5.981349758823976	5.981349758823976	5.981349758823976	1.5707963267948966	1.5707963267948966	1.5707963267948966
5.981349758823976	0.0	0.0
0.0	5.981349758823976	0.0
0.0	0.0	5.981349758823976
	0	0	0	0.25	0.25	0.25
	1	0	0	0.75	0.25	0.25
	2	0	0	0.25	0.75	0.25
	3	0	0	0.75	0.75	0.25
	4	0	0	0.25	0.25	0.75
	5	0	0	0.75	0.25	0.75
	6	0	0	0.25	0.75	0.75
	7	0	0	0.75	0.75	0.75
	8	1	2.0	0.5	0.0	0.0
	9	1	2.0	0.0	0.5	0.0
	10	1	2.0	0.0	0.0	0.5
	11	1	-2.0	0.5	0.0	0.5
	12	1	-2.0	0.5	0.5	0.5
	13	1	-2.0	0.0	0.5	0.5
	14	2	0	0.0	0.0	0.0
	15	2	0	0.5	0.5	0.0
# Ni Mn In 
8	6	2	\B_2\run	-103.31714384	5.981349758823976	5.981349758823976	5.981349758823976	1.5707963267948966	1.5707963267948966	1.5707963267948966
5.981349758823976	0.0	0.0
0.0	5.981349758823976	0.0
0.0	0.0	5.981349758823976
	0	0	0	0.25	0.25	0.25
	1	0	0	0.75	0.25	0.25
	2	0	0	0.25	0.75	0.25
	3	0	0	0.75	0.75	0.25
	4	0	0	0.25	0.25	0.75
	5	0	0	0.75	0.25	0.75
	6	0	0	0.25	0.75	0.75
	7	0	0	0.75	0.75	0.75
	8	1	2.0	0.5	0.0	0.0
	9	1	2.0	0.0	0.5	0.0
	10	1	-2.0	0.0	0.0	0.5
	11	1	2.0	0.5	0.0	0.5
	12	1	2.0	0.5	0.5	0.5
	13	1	2.0	0.0	0.5	0.5
	14	2	0	0.0	0.0	0.0
	15	2	0	0.5	0.5	0.0
# Ni Mn In 
8	6	2	\B_3\run	-103.47142208	5.981349758823976	5.981349758823976	5.981349758823976	1.5707963267948966	1.5707963267948966	1.5707963267948966
5.981349758823976	0.0	0.0
0.0	5.981349758823976	0.0
0.0	0.0	5.981349758823976
	0	0	0	0.25	0.25	0.25
	1	0	0	0.75	0.25	0.25
	2	0	0	0.25	0.75	0.25
	3	0	0	0.75	0.75	0.25
	4	0	0	0.25	0.25	0.75
	5	0	0	0.75	0.25	0.75
	6	0	0	0.25	0.75	0.75
	7	0	0	0.75	0.75	0.75
	8	1	2.0	0.5	0.0	0.0
	9	1	2.0	0.0	0.5	0.0
	10	1	2.0	0.0	0.0	0.5
	11	1	-2.0	0.5	0.0	0.5
	12	1	2.0	0.5	0.5	0.5
	13	1	2.0	0.0	0.5	0.5
	14	2	0	0.0	0.0	0.0
	15	2	0	0.5	0.5	0.0
# Ni Mn In 
8	6	2	\B_4\run	-103.36267609	5.981349758823976	5.981349758823976	5.981349758823976	1.5707963267948966	1.5707963267948966	1.5707963267948966
5.981349758823976	0.0	0.0
0.0	5.981349758823976	0.0
0.0	0.0	5.981349758823976
	0	0	0	0.25	0.25	0.25
	1	0	0	0.75	0.25	0.25
	2	0	0	0.25	0.75	0.25
	3	0	0	0.75	0.75	0.25
	4	0	0	0.25	0.25	0.75
	5	0	0	0.75	0.25	0.75
	6	0	0	0.25	0.75	0.75
	7	0	0	0.75	0.75	0.75
	8	1	-2.0	0.5	0.0	0.0
	9	1	-2.0	0.0	0.5	0.0
	10	1	2.0	0.0	0.0	0.5
	11	1	2.0	0.5	0.0	0.5
	12	1	2.0	0.5	0.5	0.5
	13	1	2.0	0.0	0.5	0.5
	14	2	0	0.0	0.0	0.0
	15	2	0	0.5	0.5	0.0
# Ni Mn In 
8	6	2	\B_5\run	-103.28182689	5.981349758823976	5.981349758823976	5.981349758823976	1.5707963267948966	1.5707963267948966	1.5707963267948966
5.981349758823976	0.0	0.0
0.0	5.981349758823976	0.0
0.0	0.0	5.981349758823976
	0	0	0	0.25	0.25	0.25
	1	0	0	0.75	0.25	0.25
	2	0	0	0.25	0.75	0.25
	3	0	0	0.75	0.75	0.25
	4	0	0	0.25	0.25	0.75
	5	0	0	0.75	0.25	0.75
	6	0	0	0.25	0.75	0.75
	7	0	0	0.75	0.75	0.75
	8	1	-2.0	0.5	0.0	0.0
	9	1	2.0	0.0	0.5	0.0
	10	1	-2.0	0.0	0.0	0.5
	11	1	2.0	0.5	0.0	0.5
	12	1	2.0	0.5	0.5	0.5
	13	1	2.0	0.0	0.5	0.5
	14	2	0	0.0	0.0	0.0
	15	2	0	0.5	0.5	0.0
# Ni Mn In 
8	6	2	\B_6\run	-103.22946727	5.981349758823976	5.981349758823976	5.981349758823976	1.5707963267948966	1.5707963267948966	1.5707963267948966
5.981349758823976	0.0	0.0
0.0	5.981349758823976	0.0
0.0	0.0	5.981349758823976
	0	0	0	0.25	0.25	0.25
	1	0	0	0.75	0.25	0.25
	2	0	0	0.25	0.75	0.25
	3	0	0	0.75	0.75	0.25
	4	0	0	0.25	0.25	0.75
	5	0	0	0.75	0.25	0.75
	6	0	0	0.25	0.75	0.75
	7	0	0	0.75	0.75	0.75
	8	1	-2.0	0.5	0.0	0.0
	9	1	2.0	0.0	0.5	0.0
	10	1	2.0	0.0	0.0	0.5
	11	1	-2.0	0.5	0.0	0.5
	12	1	2.0	0.5	0.5	0.5
	13	1	2.0	0.0	0.5	0.5
	14	2	0	0.0	0.0	0.0
	15	2	0	0.5	0.5	0.0
# Ni Mn In 
8	6	2	\B_7\run	-103.32629562	5.981349758823976	5.981349758823976	5.981349758823976	1.5707963267948966	1.5707963267948966	1.5707963267948966
5.981349758823976	0.0	0.0
0.0	5.981349758823976	0.0
0.0	0.0	5.981349758823976
	0	0	0	0.25	0.25	0.25
	1	0	0	0.75	0.25	0.25
	2	0	0	0.25	0.75	0.25
	3	0	0	0.75	0.75	0.25
	4	0	0	0.25	0.25	0.75
	5	0	0	0.75	0.25	0.75
	6	0	0	0.25	0.75	0.75
	7	0	0	0.75	0.75	0.75
	8	1	-2.0	0.5	0.0	0.0
	9	1	2.0	0.0	0.5	0.0
	10	1	2.0	0.0	0.0	0.5
	11	1	2.0	0.5	0.0	0.5
	12	1	2.0	0.5	0.5	0.5
	13	1	-2.0	0.0	0.5	0.5
	14	2	0	0.0	0.0	0.0
	15	2	0	0.5	0.5	0.0
# Ni Mn In 
8	6	2	\B_9\run	-103.13236063	5.981349758823976	5.981349758823976	5.981349758823976	1.5707963267948966	1.5707963267948966	1.5707963267948966
5.981349758823976	0.0	0.0
0.0	5.981349758823976	0.0
0.0	0.0	5.981349758823976
	0	0	0	0.25	0.25	0.25
	1	0	0	0.75	0.25	0.25
	2	0	0	0.25	0.75	0.25
	3	0	0	0.75	0.75	0.25
	4	0	0	0.25	0.25	0.75
	5	0	0	0.75	0.25	0.75
	6	0	0	0.25	0.75	0.75
	7	0	0	0.75	0.75	0.75
	8	1	2.0	0.5	0.0	0.0
	9	1	2.0	0.0	0.5	0.0
	10	1	-2.0	0.0	0.0	0.5
	11	1	2.0	0.5	0.0	0.5
	12	1	-2.0	0.5	0.5	0.5
	13	1	2.0	0.0	0.5	0.5
	14	2	0	0.0	0.0	0.0
	15	2	0	0.5	0.5	0.0
# Ni Mn In 
8	6	2	\C_0\run	-102.94060443	5.981349758823976	5.981349758823976	5.981349758823976	1.5707963267948966	1.5707963267948966	1.5707963267948966
5.981349758823976	0.0	0.0
0.0	5.981349758823976	0.0
0.0	0.0	5.981349758823976
	0	0	0	0.25	0.25	0.25
	1	0	0	0.75	0.25	0.25
	2	0	0	0.25	0.75	0.25
	3	0	0	0.75	0.75	0.25
	4	0	0	0.25	0.25	0.75
	5	0	0	0.75	0.25	0.75
	6	0	0	0.25	0.75	0.75
	7	0	0	0.75	0.75	0.75
	8	1	2.0	0.5	0.0	0.0
	9	1	2.0	0.5	0.5	0.0
	10	1	2.0	0.0	0.5	0.0
	11	1	2.0	0.0	0.0	0.5
	12	1	2.0	0.5	0.0	0.5
	13	1	2.0	0.0	0.5	0.5
	14	2	0	0.0	0.0	0.0
	15	2	0	0.5	0.5	0.5
# Ni Mn In 
8	6	2	\C_1\run	-102.88479031	5.981349758823976	5.981349758823976	5.981349758823976	1.5707963267948966	1.5707963267948966	1.5707963267948966
5.981349758823976	0.0	0.0
0.0	5.981349758823976	0.0
0.0	0.0	5.981349758823976
	0	0	0	0.25	0.25	0.25
	1	0	0	0.75	0.25	0.25
	2	0	0	0.25	0.75	0.25
	3	0	0	0.75	0.75	0.25
	4	0	0	0.25	0.25	0.75
	5	0	0	0.75	0.25	0.75
	6	0	0	0.25	0.75	0.75
	7	0	0	0.75	0.75	0.75
	8	1	-2.0	0.5	0.0	0.0
	9	1	2.0	0.5	0.5	0.0
	10	1	2.0	0.0	0.5	0.0
	11	1	2.0	0.0	0.0	0.5
	12	1	2.0	0.5	0.0	0.5
	13	1	2.0	0.0	0.5	0.5
	14	2	0	0.0	0.0	0.0
	15	2	0	0.5	0.5	0.5
# Ni Mn In 
8	6	2	\C_2\run	-102.8847911	5.981349758823976	5.981349758823976	5.981349758823976	1.5707963267948966	1.5707963267948966	1.5707963267948966
5.981349758823976	0.0	0.0
0.0	5.981349758823976	0.0
0.0	0.0	5.981349758823976
	0	0	0	0.25	0.25	0.25
	1	0	0	0.75	0.25	0.25
	2	0	0	0.25	0.75	0.25
	3	0	0	0.75	0.75	0.25
	4	0	0	0.25	0.25	0.75
	5	0	0	0.75	0.25	0.75
	6	0	0	0.25	0.75	0.75
	7	0	0	0.75	0.75	0.75
	8	1	2.0	0.5	0.0	0.0
	9	1	-2.0	0.5	0.5	0.0
	10	1	2.0	0.0	0.5	0.0
	11	1	2.0	0.0	0.0	0.5
	12	1	2.0	0.5	0.0	0.5
	13	1	2.0	0.0	0.5	0.5
	14	2	0	0.0	0.0	0.0
	15	2	0	0.5	0.5	0.5
# Ni Mn In 
8	6	2	\C_3\run	-102.77192078	5.981349758823976	5.981349758823976	5.981349758823976	1.5707963267948966	1.5707963267948966	1.5707963267948966
5.981349758823976	0.0	0.0
0.0	5.981349758823976	0.0
0.0	0.0	5.981349758823976
	0	0	0	0.25	0.25	0.25
	1	0	0	0.75	0.25	0.25
	2	0	0	0.25	0.75	0.25
	3	0	0	0.75	0.75	0.25
	4	0	0	0.25	0.25	0.75
	5	0	0	0.75	0.25	0.75
	6	0	0	0.25	0.75	0.75
	7	0	0	0.75	0.75	0.75
	8	1	-2.0	0.5	0.0	0.0
	9	1	-2.0	0.5	0.5	0.0
	10	1	2.0	0.0	0.5	0.0
	11	1	2.0	0.0	0.0	0.5
	12	1	2.0	0.5	0.0	0.5
	13	1	2.0	0.0	0.5	0.5
	14	2	0	0.0	0.0	0.0
	15	2	0	0.5	0.5	0.5
# Ni Mn In 
8	6	2	\C_4\run	-102.92680703	5.981349758823976	5.981349758823976	5.981349758823976	1.5707963267948966	1.5707963267948966	1.5707963267948966
5.981349758823976	0.0	0.0
0.0	5.981349758823976	0.0
0.0	0.0	5.981349758823976
	0	0	0	0.25	0.25	0.25
	1	0	0	0.75	0.25	0.25
	2	0	0	0.25	0.75	0.25
	3	0	0	0.75	0.75	0.25
	4	0	0	0.25	0.25	0.75
	5	0	0	0.75	0.25	0.75
	6	0	0	0.25	0.75	0.75
	7	0	0	0.75	0.75	0.75
	8	1	-2.0	0.5	0.0	0.0
	9	1	2.0	0.5	0.5	0.0
	10	1	-2.0	0.0	0.5	0.0
	11	1	2.0	0.0	0.0	0.5
	12	1	2.0	0.5	0.0	0.5
	13	1	2.0	0.0	0.5	0.5
	14	2	0	0.0	0.0	0.0
	15	2	0	0.5	0.5	0.5
# Ni Mn In 
8	6	2	\C_5\run	-102.809303	5.981349758823976	5.981349758823976	5.981349758823976	1.5707963267948966	1.5707963267948966	1.5707963267948966
5.981349758823976	0.0	0.0
0.0	5.981349758823976	0.0
0.0	0.0	5.981349758823976
	0	0	0	0.25	0.25	0.25
	1	0	0	0.75	0.25	0.25
	2	0	0	0.25	0.75	0.25
	3	0	0	0.75	0.75	0.25
	4	0	0	0.25	0.25	0.75
	5	0	0	0.75	0.25	0.75
	6	0	0	0.25	0.75	0.75
	7	0	0	0.75	0.75	0.75
	8	1	-2.0	0.5	0.0	0.0
	9	1	2.0	0.5	0.5	0.0
	10	1	2.0	0.0	0.5	0.0
	11	1	2.0	0.0	0.0	0.5
	12	1	2.0	0.5	0.0	0.5
	13	1	-2.0	0.0	0.5	0.5
	14	2	0	0.0	0.0	0.0
	15	2	0	0.5	0.5	0.5
# Ni Mn In 
8	6	2	\C_6\run	-102.80928862	5.981349758823976	5.981349758823976	5.981349758823976	1.5707963267948966	1.5707963267948966	1.5707963267948966
5.981349758823976	0.0	0.0
0.0	5.981349758823976	0.0
0.0	0.0	5.981349758823976
	0	0	0	0.25	0.25	0.25
	1	0	0	0.75	0.25	0.25
	2	0	0	0.25	0.75	0.25
	3	0	0	0.75	0.75	0.25
	4	0	0	0.25	0.25	0.75
	5	0	0	0.75	0.25	0.75
	6	0	0	0.25	0.75	0.75
	7	0	0	0.75	0.75	0.75
	8	1	2.0	0.5	0.0	0.0
	9	1	-2.0	0.5	0.5	0.0
	10	1	2.0	0.0	0.5	0.0
	11	1	-2.0	0.0	0.0	0.5
	12	1	2.0	0.5	0.0	0.5
	13	1	2.0	0.0	0.5	0.5
	14	2	0	0.0	0.0	0.0
	15	2	0	0.5	0.5	0.5
# Ni Mn In 
8	6	2	\C_7\run	-102.69270156	5.981349758823976	5.981349758823976	5.981349758823976	1.5707963267948966	1.5707963267948966	1.5707963267948966
5.981349758823976	0.0	0.0
0.0	5.981349758823976	0.0
0.0	0.0	5.981349758823976
	0	0	0	0.25	0.25	0.25
	1	0	0	0.75	0.25	0.25
	2	0	0	0.25	0.75	0.25
	3	0	0	0.75	0.75	0.25
	4	0	0	0.25	0.25	0.75
	5	0	0	0.75	0.25	0.75
	6	0	0	0.25	0.75	0.75
	7	0	0	0.75	0.75	0.75
	8	1	-2.0	0.5	0.0	0.0
	9	1	-2.0	0.5	0.5	0.0
	10	1	-2.0	0.0	0.5	0.0
	11	1	2.0	0.0	0.0	0.5
	12	1	2.0	0.5	0.0	0.5
	13	1	2.0	0.0	0.5	0.5
	14	2	0	0.0	0.0	0.0
	15	2	0	0.5	0.5	0.5
# Ni Mn In 
8	6	2	\C_8\run	-102.86228553	5.981349758823976	5.981349758823976	5.981349758823976	1.5707963267948966	1.5707963267948966	1.5707963267948966
5.981349758823976	0.0	0.0
0.0	5.981349758823976	0.0
0.0	0.0	5.981349758823976
	0	0	0	0.25	0.25	0.25
	1	0	0	0.75	0.25	0.25
	2	0	0	0.25	0.75	0.25
	3	0	0	0.75	0.75	0.25
	4	0	0	0.25	0.25	0.75
	5	0	0	0.75	0.25	0.75
	6	0	0	0.25	0.75	0.75
	7	0	0	0.75	0.75	0.75
	8	1	-2.0	0.5	0.0	0.0
	9	1	-2.0	0.5	0.5	0.0
	10	1	2.0	0.0	0.5	0.0
	11	1	2.0	0.0	0.0	0.5
	12	1	2.0	0.5	0.0	0.5
	13	1	-2.0	0.0	0.5	0.5
	14	2	0	0.0	0.0	0.0
	15	2	0	0.5	0.5	0.5
# Ni Mn In 
8	6	2	\C_9\run	-102.91553914	5.981349758823976	5.981349758823976	5.981349758823976	1.5707963267948966	1.5707963267948966	1.5707963267948966
5.981349758823976	0.0	0.0
0.0	5.981349758823976	0.0
0.0	0.0	5.981349758823976
	0	0	0	0.25	0.25	0.25
	1	0	0	0.75	0.25	0.25
	2	0	0	0.25	0.75	0.25
	3	0	0	0.75	0.75	0.25
	4	0	0	0.25	0.25	0.75
	5	0	0	0.75	0.25	0.75
	6	0	0	0.25	0.75	0.75
	7	0	0	0.75	0.75	0.75
	8	1	-2.0	0.5	0.0	0.0
	9	1	2.0	0.5	0.5	0.0
	10	1	-2.0	0.0	0.5	0.0
	11	1	-2.0	0.0	0.0	0.5
	12	1	2.0	0.5	0.0	0.5
	13	1	2.0	0.0	0.5	0.5
	14	2	0	0.0	0.0	0.0
	15	2	0	0.5	0.5	0.5
